% -------------------------------------------------------------------
%  Generated by MATLAB on 1-Feb-2024 12:33:44
%  MATLAB version: 9.4.0.813654 (R2018a)
% -------------------------------------------------------------------
                                 

r = 3;




 